1.54584745e-03 8.48612126e-04 4.95431356e-04 8.39547893e-05 -7.14146967e-05 -4.23295976e-05 3.28324455e-05 -4.86848174e-06 3.42783915e-05
8.48612126e-04 1.51401287e-03 8.50498677e-04 3.67744042e-04 4.50205491e-05 5.26499447e-05 -4.55668269e-05 7.10005954e-05 -8.23233164e-06
4.95431356e-04 8.50498677e-04 1.41374150e-03 6.82302651e-04 3.98665120e-04 9.90234587e-05 7.78516546e-05 -4.63190060e-05 3.87787363e-06
8.39547893e-05 3.67744042e-04 6.82302651e-04 1.08068049e-03 5.90768614e-04 2.79009035e-04 2.65092558e-04 -1.06590017e-04 1.69947404e-05
-7.14146967e-05 4.50205491e-05 3.98665120e-04 5.90768614e-04 9.85889262e-04 6.92964635e-04 2.15440289e-04 7.72674897e-05 1.94708279e-05
-4.23295976e-05 5.26499447e-05 9.90234587e-05 2.79009035e-04 6.92964635e-04 1.17867401e-03 3.17428151e-04 4.92713544e-04 5.45546624e-05
3.28324455e-05 -4.55668269e-05 7.78516546e-05 2.65092558e-04 2.15440289e-04 3.17428151e-04 1.30404852e-03 3.10108905e-04 2.69184487e-04
-4.86848174e-06 7.10005954e-05 -4.63190060e-05 -1.06590017e-04 7.72674897e-05 4.92713544e-04 3.10108905e-04 8.36004811e-04 5.34665092e-04
3.42783915e-05 -8.23233164e-06 3.87787363e-06 1.69947404e-05 1.94708279e-05 5.45546624e-05 2.69184487e-04 5.34665092e-04 8.74210372e-04

